goles_195x =[
    [2, 1], 
    [0, 3], 
    [3, 2], 
    [2, 0], 
    [2, 0], 
    [3, 2],
    [2, 0], 
    [6, 2], 
    [1, 3],
    [4, 3], 
    [4, 4], 
    [2, 1], 
    [1, 1], 
    [2, 2],
    [2, 1], 
    [1, 0]
]

goles_196x =[
    [3, 1], 
    [2, 1], 
    [7, 5], 
    [3, 2], 
    [3, 1], 
    [6, 0],
    [1, 4], 
    [5, 2], 
    [5, 0],
    [3, 2], 
    [1, 1], 
    [1, 4], 
    [3, 1], 
    [2, 1],
    [1, 2], 
    [3, 2],
    [4, 2], 
    [3, 1], 
    [3, 2], 
    [1, 0]
]

goles_197x = [
    [2, 0],
    [1, 0],
    [0, 1],
    [0, 0],
    [3, 2],
    [1, 1],
    [1, 1],
    [5, 3],
    [6, 4],
    [1, 2],
    [1, 1],
    [1, 1],
    [1, 0],
    [1, 1],
    [2, 0],
    [1, 3],
    [0, 0],
    [1, 0]
]

goles_198x = [
    [4, 0],
    [2, 1],
    [1, 2],
    [3, 1],
    [2, 3],
    [0, 0],
    [0, 3],
    [3, 2],
    [3, 1],
    [2, 2],
    [1, 1],
    [1, 1],
    [1, 3],
    [1, 4],
    [2, 0],
    [1, 5],
    [1, 1],
    [1, 2],
    [0, 2]
]

goles_199x = [
    [1, 1],
    [0, 0],
    [0, 1],
    [1, 1],
    [1, 3],
    [6, 0],
    [2, 0],
    [0, 2],
    [0, 2],
    [2, 2],
    [1, 1],
    [1, 2],
    [1, 1],
    [4, 2],
    [2, 0],
    [0, 1],
    [0, 0],
    [2, 2],
    [1, 0],
    [1, 1],
    [1, 3],
    [1, 1]
]

goles_200x = [
    [2, 4],
    [0, 2],
    [2, 0],
    [0, 2],
    [1, 1],
    [0, 0],
    [0, 2],
    [2, 1],
    [2, 1],
    [2, 3],
    [1, 0],
    [4, 1],
    [1, 4],
    [1, 3],
    [1, 0],
    [0, 1],
    [1, 0],
    [0, 0],
    [1, 1],
    [3, 1],
    [1, 0],
    [1, 2]
]

goles_201x = [
    [3, 0],
    [1, 2],
    [0, 3],
    [3, 1],
    [0, 1],
    [0, 3],
    [1, 2],
    [0, 1],
    [0, 3],
    [1, 2],
    [0, 1],
    [1, 2],
    [0, 1],
    [1, 2],
    [1, 3],
    [1, 1],
    [2, 0],
    [0, 0],
    [1, 3],
    [1, 2],
    [0, 0],
    [1, 1],
    [2, 1],
    [0, 0],
    [2, 1],
    [2, 2]
]

goles_202x =[
    [3, 0], 
    [3, 1], 
    [1, 2], 
    [1, 2], 
    [0, 5], 
    [1, 0],
    [3, 1], 
    [1, 20], 
    [2, 0]
]

tarjetas_amarillas=5
tiros_arco=9
